8070 3541 7971 42098 1163 8071 6018 8027 10294 35675
26429 17800 44099 44044 44008 43993 8825 43997 44059 43998
23984 40245 16248 22741 4489 34581 10100 14389 4646 2900
30259 16201 23432 17795 16229 16207 16238 16243 42921 18245
23822 2339 2334 2358 2332 2361 2352 2317 2331 2325
17462 17463 24479 24478 37562 20483 6594 28800 33591 26261
8070 3541 7971 42098 1163 8071 6018 8027 10294 35675
26429 17800 44099 44044 44008 43993 8825 43997 44059 43998
23984 40245 16248 22741 4489 34581 10100 14389 4646 2900
30259 16201 23432 17795 16229 16207 16238 16243 42921 18245
23822 2339 2334 2358 2332 2361 2352 2317 2331 2325
17462 17463 24479 24478 37562 20483 6594 28800 33591 26261
33593 33592 23307 40431 23347 23467 15079 23344 35293 42755
33592 33593 4474 4475 4446 36842 16545 40747 17312 32986
4252 4255 33270 39449 3352 39158 35625 648 33285 6067
29312 1582 16501 23572 2998 32773 8812 33290 1590 27026
29516 20644 10487 32985 35018 34788 23398 678 8830 28714
3397 22374 31549 3396 39199 24440 35151 35290 30706 43832
28939 42024 16990 12550 20866 43396 38181 41700 28739 3978
42024 22081 22079 31982 42036 42045 42040 22082 39501 11438
1026 1035 19453 7793 31340 23876 6067
41097 12639 26843 32139 14858 17646 31489 5270 7999 8262
41530 31605 44900 828 38414 9570 24841 42074 44350 24848
12296 12280 12279 12289 13340 22525 36573 4753 13022 9887
9698 24494 337 10533 27735 26861 8048 36582 7965 32467
32639 13431 11971 6866 6576 5810 21861 7209 42374 6192
15286 39409 21252 23817 8054 26562 13915 25704 5404 28493
44094 32185 42791 9339 24189 32353 44373 8390 33033 42794
32783 32798 32822 40714 32785 32802 32797 32812 32773 8361
31798 31423 26052 29487 14282 30332 10447 17231 44411 31762
41216 5717 27773 174 9558 26064
7814 7815 36039 21554 517 20002 7817 15089 8460 37464
27026 33290 1582 23876 4860 4716 4228 27029 22692
5404

33283 24362 23784 12337
32907 24759 36441 5116 5205 32706 19779 1853 31396 5326
37260 5134 5148 3514 27038 8076 10036 5135 14685 32342
13942 15543 28664 10409 13257 13948 13041 13947 32793 10831
40032 10613 22342 12577 17529 38627 7760 23427 11401 1396
36800 32022 22688
6048 6049 28236 7610
3389 29288 23821 18043 36704 3802 40240 23066 5990 43655
12334 22919 12337 17609 12336 41582 34165 19538 32725 24946
8277 38605 8275 8278 8146 16046 8272 3068 8273 8274
5612 5719 5718 43541 17674 35867 35874 9716 5724 11536
38092 7974 7608 38080 38079 20213 38083 22597 23893 32263
23572 29312 40704 27026 1582 1587 16501 12460 2998 1585
40122 23433 37835 18128 36303 15286 9081 37356 26859 39954
19932 25256 28329 19689 41599 34720 25257 25261 5861 8923
37298 805 13211 43700 39768 28638 25125 39762 39753 39766
25335 25337 25333 25334 25338 6184 25340 25336 17646 17255
35210 12396 41115 35211 35223 35212 35230 26020 35213 35214
33753 32628 26032 2413 11587 34483 39648 22802 37905 42790
43993 26429 44044 44059 44047 44099 44095 44008 44079 17800
2416 2415 23572 29312 1582 16501 26616 33290 2998 32773
22497 40377 22498 20352 5375 7637 22043 40378 27228 14834
6207 8070 3541 7971 6209 6018 42098 35675 8071 1163
7371 7372 7375 10959 32133 7373 8142 29691 32721 14860
23293 44469 11223 41638 23376 42147 23279 38938 23295 23280
42685 15246 23699 15278 15261 15286 17127 15267 15266 15273
32263 12863 42953 17681 15551 28626 23786 43060 23825 24329
37160 37159 10955 34596 37154 37163 8064 39585 37141 29667
27324 3707 32152 41177 5266 32148 1627 10692 32163 32151
43883 9506 26209 26488 4051 40546 26173 18895 26204 30514
42108 42109 42579 7503 7502 41743 27987 42122 42032 28742
7137 7144 33133 16920 26748 7145 7142 19739 30314 39377
4263 4262 4264 7640 18329 32993 32992 11879 4265 25189
37803 25546 30230 10479 38271 40138 18969 3641 40137 25548
16690 32032 24038 35847 43782 24036 24042 26403 33423 4822
20732 42848 20744 12394 20686 42827 20699 20739 20665 17222
17032 17028 17033 17029 17034 17035 155 156 6309 37485
30257 6528 6527 25491 17255 6526 36470 9457 32937 38809
25487 25486 30563 36082 14941 20099 43810 25488 18002 18135
26559 12280 32027 8969 25638 14440 19765 33290
234 406 18770 18773 18769
6546 6552 6549 6550 6547 39939 6130 38034 6548 6551
25553 25558 25554 25557 25556 25555 24335 43063 5906 27398
21434 44659 26084 27026 23274 24003 24861 7175 23235 25638

16397 16395 16391 16392 4582 26930 31872 30526 4113 36619
44658 29293 34384 26531 6071 19992 20556 22294 37983 28976
6031 6029 6030 2109 15662 35535 22028 21406 40459 43055
10264 29615 38129 9059 1360 1523 29186 41282 10269 28256
36593 29407 37975 11340 25195 20781
44734 9830 12923 7639 33250 23783 32456 23631 20705 23825
14341 4139 14348 27198 15327 27304 41495 14353 26521 36812
5134 37500 43670 37260 5148 3514 5142 10036 5144 5146
1862 1863 33411 20048 3470 564 1857 39374 8961 1871
431 26503 1989 24046 32393 21427 25111 26521 29796 19804
31611 10827 25339 7734 37703 23205 13582 41651 5319 686
25836 29015 3831 6394 43870 30577 22929 34168 42652 39732
66 67 60 63 64 62 71 65 70 61

11134 21375 9908 12088 41359 26898 34293 33283 17826 8674
2678 27960
43993 4662 40562 11299 34271 44699 39441 6596 23602 34561
33989 10033 3753 13669 22676 1694 36032 42137 32549 25220
31690 29774 25551 23233
16887 16888 16886
29310
35851 41235 648 83 4255 41223 40903 41233 39449 4252

11411 41366 32982 2864 27666 25882 9236
34393 23264 9845 38477 26156 28106 42490 21579 30429 24344
18107 9127 44714
39908 9882 463 562 19644 24621 33709 35184 10614 23673
12224 5184 4183 32538 965 35911 37607 963 25596 10482
38489 41230 18738 13795 13241 27426 10366
34250 6987 37843 561 562 19511 8620 1059 832 5424
16800 41878 18243 23682 2682 19256 11268 23839 35037 18299
22563
37842 28112 873 24040 32907 25073 35325 22414 27027 1582
26000 25865 16435 38599 20454 24327 27092 38279 3875 41520
8327 15533 8328 17361 26511 35326 40890 22852 28110 30451
44659 44664 13077 33939 31979 22419 31329 2683 34638 33210
10752 23784
19181 28269 33351 31737
42373 42372 3157 29740 34445 12193 18787 22238 34654 13831

43451 38474 41637 39072 5683 26662 20089 801 31697 7672
17575 13178 29518 789 4835 25555 17576 16420 7405 28848
990 11179

41036 31042 6578 39130 20506
6200 30371 16539 33222 17606 6428 6201 12067 34145 36791
3646 3648 23267 7525 11534 31352 27833 19764 43755 3649
32357 19932 19993 19689 32378 32363 32786 9738 34720 3086
2661 2664 2684 2669 2674 18206 12978 12973 40104 2770
19891 19961 19894 19975 16015 19932 17434 19969 19887 19952
32438 32440 30154 32439 44685 36048 32437 4665 22720 29136
15240 28694 15932 7916 44872 2635 28411 15266 6768 34237
6114 41855 20462 6113 39774 6465 6087 26549 2888 20795
34159 25385 15735 7108 19542 5495 12969 42733 13722 24863
43123 34266 3199 37487 22738 10398 36154 39931
13375 13833 11036 13835 22945 38424 31590 13462 3803 13834
18845 18846 34971 36663 40587 39381 7420
233 27202 24804 24824 32826 24788 39209 2288 16916 44474
38979 8761 38980 38984 13874 38994 38982 9701 14961 10749
31220 42614 35851 41235 33285 2590 41225 41226 30448 42148
18252 28549 11223 39717 1751 28560 28556 16133 29747 14114
22497 24355 24796 42588 3051 44548 20352 42592 10420 42587
12280 42166 9359 30193 2097 16819 13917 32027 41365 42706
30257 6528 6527 25491 6526 31079 12761 30440 15106 23513
34754 12694 24153 10710 3483 13459 6785 34643 23579 23868
11134 12072 44312 27583 21375 9908 25172 679 36274 24384
8997 20233 342 36667
10062 28697 4233 18598 10064 7672
11617 13235 38190 13236 28371 6682 35085 30091 19692 27277
11617 21437 41926 13235 2188 1683 38628 23080 31145 13234
131 23945 24437 7668 3494 28125 30002 42122 4018 27719
15826
5543 2180 28677 2181 30013 3400 20032 15376 27012 36404
16210 16205 16218 16201 16213 16224 17795 23432 16237 16219
43384 5056 2796 43385 2801 6612 3256 5054 3776 11834
31599 31391 10166 41273 26618 12359 31680 12360 4115 7894
24276 16067 7727 23398 18415


42094 15749 28246 2112 6000 4014 12018 454 285 6033
17544 25235 23510 4761 23646 40707 17810 4728 41865 23688
38574 18660 21818 38410 13729 11244 40705 33282 2770 44114
15239 28774 29383 16423 9895 39547 16704 30820 30828 1863
34875 15816 41844 39758 5498 37607 3453 18200 26783 37286
9698 24494 337 10533 27735 26861 8048 36582 7965 32467
32639 13431 11971 6866 6576 5810 21861 7209 42374 6192
15286 39409 21252 23817 8054 26562 13915 25704 5404 28493
44094 32185 42791 9339 24189 32353 44373 8390 33033 42794
32783 32798 32822 40714 32785 32802 32797 32812 32773 8361
31798 31423 26052 29487 14282 30332 10447 17231 44411 31762
41216 5717 27773 174 9558 26064
7814 7815 36039 21554 517 20002 7817 15089 8460 37464
27026 33290 1582 23876 4860 4716 4228 27029 22692
5404

33283 24362 23784 12337
32907 24759 36441 5116 5205 32706 19779 1853 31396 5326
37260 5134 5148 3514 27038 8076 10036 5135 14685 32342
13942 15543 28664 10409 13257 13948 13041 13947 32793 10831
40032 10613 22342 12577 17529 38627 7760 23427 11401 1396
36800 32022 22688
6048 6049 28236 7610
3389 29288 23821 18043 36704 3802 40240 23066 5990 43655
12334 22919 12337 17609 12336 41582 34165 19538 32725 24946
8277 38605 8275 8278 8146 16046 8272 3068 8273 8274
5612 5719 5718 43541 17674 35867 35874 9716 5724 11536
38092 7974 7608 38080 38079 20213 38083 22597 23893 32263
23572 29312 40704 27026 1582 1587 16501 12460 2998 1585
40122 23433 37835 18128 36303 15286 9081 37356 26859 39954
19932 25256 28329 19689 41599 34720 25257 25261 5861 8923
37298 805 13211 43700 39768 28638 25125 39762 39753 39766
25335 25337 25333 25334 25338 6184 25340 25336 17646 17255
35210 12396 41115 35211 35223 35212 35230 26020 35213 35214
33753 32628 26032 2413 11587 34483 39648 22802 37905 42790
43993 26429 44044 44059 44047 44099 44095 44008 44079 17800
2416 2415 23572 29312 1582 16501 26616 33290 2998 32773
22497 40377 22498 20352 5375 7637 22043 40378 27228 14834
6207 8070 3541 7971 6209 6018 42098 35675 8071 1163
7371 7372 7375 10959 32133 7373 8142 29691 32721 14860
23293 44469 11223 41638 23376 42147 23279 38938 23295 23280
42685 15246 23699 15278 15261 15286 17127 15267 15266 15273
32263 12863 42953 17681 15551 28626 23786 43060 23825 24329
37160 37159 10955 34596 37154 37163 8064 39585 37141 29667
27324 3707 32152 41177 5266 32148 1627 10692 32163 32151
43883 9506 26209 26488 4051 40546 26173 18895 26204 30514
42108 42109 42579 7503 7502 41743 27987 42122 42032 28742
7137 7144 33133 16920 26748 7145 7142 19739 30314 39377
4263 4262 4264 7640 18329 32993 32992 11879 4265 25189
37803 25546 30230 10479 38271 40138 18969 3641 40137 25548
16690 32032 24038 35847 43782 24036 24042 26403 33423 4822
20732 42848 20744 12394 20686 42827 20699 20739 20665 17222
17032 17028 17033 17029 17034 17035 155 156 6309 37485
30257 6528 6527 25491 17255 6526 36470 9457 32937 38809
25487 25486 30563 36082 14941 20099 43810 25488 18002 18135
26559 12280 32027 8969 25638 14440 19765 33290
234 406 18770 18773 18769
6546 6552 6549 6550 6547 39939 6130 38034 6548 6551
25553 25558 25554 25557 25556 25555 24335 43063 5906 27398
21434 44659 26084 27026 23274 24003 24861 7175 23235 25638

16397 16395 16391 16392 4582 26930 31872 30526 4113 36619
44658 29293 34384 26531 6071 19992 20556 22294 37983 28976
6031 6029 6030 2109 15662 35535 22028 21406 40459 43055
10264 29615 38129 9059 1360 1523 29186 41282 10269 28256
36593 29407 37975 11340 25195 20781
44734 9830 12923 7639 33250 23783 32456 23631 20705 23825
14341 4139 14348 27198 15327 27304 41495 14353 26521 36812
5134 37500 43670 37260 5148 3514 5142 10036 5144 5146
1862 1863 33411 20048 3470 564 1857 39374 8961 1871
431 26503 1989 24046 32393 21427 25111 26521 29796 19804
31611 10827 25339 7734 37703 23205 13582 41651 5319 686
25836 29015 3831 6394 43870 30577 22929 34168 42652 39732
66 67 60 63 64 62 71 65 70 61

11134 21375 9908 12088 41359 26898 34293 33283 17826 8674
2678 27960
43993 4662 40562 11299 34271 44699 39441 6596 23602 34561
33989 10033 3753 13669 22676 1694 36032 42137 32549 25220
31690 29774 25551 23233
16887 16888 16886
29310
35851 41235 648 83 4255 41223 40903 41233 39449 4252

11411 41366 32982 2864 27666 25882 9236
34393 23264 9845 38477 26156 28106 42490 21579 30429 24344
18107 9127 44714
39908 9882 463 562 19644 24621 33709 35184 10614 23673
12224 5184 4183 32538 965 35911 37607 963 25596 10482
38489 41230 18738 13795 13241 27426 10366
34250 6987 37843 561 562 19511 8620 1059 832 5424
16800 41878 18243 23682 2682 19256 11268 23839 35037 18299
22563
37842 28112 873 24040 32907 25073 35325 22414 27027 1582
26000 25865 16435 38599 20454 24327 27092 38279 3875 41520
8327 15533 8328 17361 26511 35326 40890 22852 28110 30451
44659 44664 13077 33939 31979 22419 31329 2683 34638 33210
10752 23784
19181 28269 33351 31737
42373 42372 3157 29740 34445 12193 18787 22238 34654 13831

43451 38474 41637 39072 5683 26662 20089 801 31697 7672
17575 13178 29518 789 4835 25555 17576 16420 7405 28848
990 11179

41036 31042 6578 39130 20506
6200 30371 16539 33222 17606 6428 6201 12067 34145 36791
3646 3648 23267 7525 11534 31352 27833 19764 43755 3649
32357 19932 19993 19689 32378 32363 32786 9738 34720 3086
2661 2664 2684 2669 2674 18206 12978 12973 40104 2770
19891 19961 19894 19975 16015 19932 17434 19969 19887 19952
32438 32440 30154 32439 44685 36048 32437 4665 22720 29136
15240 28694 15932 7916 44872 2635 28411 15266 6768 34237
6114 41855 20462 6113 39774 6465 6087 26549 2888 20795
34159 25385 15735 7108 19542 5495 12969 42733 13722 24863
43123 34266 3199 37487 22738 10398 36154 39931
13375 13833 11036 13835 22945 38424 31590 13462 3803 13834
18845 18846 34971 36663 40587 39381 7420
233 27202 24804 24824 32826 24788 39209 2288 16916 44474
38979 8761 38980 38984 13874 38994 38982 9701 14961 10749
31220 42614 35851 41235 33285 2590 41225 41226 30448 42148
18252 28549 11223 39717 1751 28560 28556 16133 29747 14114
22497 24355 24796 42588 3051 44548 20352 42592 10420 42587
12280 42166 9359 30193 2097 16819 13917 32027 41365 42706
30257 6528 6527 25491 6526 31079 12761 30440 15106 23513
34754 12694 24153 10710 3483 13459 6785 34643 23579 23868
11134 12072 44312 27583 21375 9908 25172 679 36274 24384
8997 20233 342 36667
10062 28697 4233 18598 10064 7672
11617 13235 38190 13236 28371 6682 35085 30091 19692 27277
11617 21437 41926 13235 2188 1683 38628 23080 31145 13234
131 23945 24437 7668 3494 28125 30002 42122 4018 27719
15826
5543 2180 28677 2181 30013 3400 20032 15376 27012 36404
16210 16205 16218 16201 16213 16224 17795 23432 16237 16219
43384 5056 2796 43385 2801 6612 3256 5054 3776 11834
31599 31391 10166 41273 26618 12359 31680 12360 4115 7894
24276 16067 7727 23398 18415


42094 15749 28246 2112 6000 4014 12018 454 285 6033
17544 25235 23510 4761 23646 40707 17810 4728 41865 23688
38574 18660 21818 38410 13729 11244 40705 33282 2770 44114
15239 28774 29383 16423 9895 39547 16704 30820 30828 1863
34875 15816 41844 39758 5498 37607 3453 18200 26783 37286
