11580 8070 9885 3541 7971 10294 40380 11583 40381 42098
26429 43953 8825 44008 17800 44044 44070 44099 26328 26435
23984 35765 5810 4351 23437 4489 24191 12247 15780 40245
30259 16238 17795 23432 16201 42921 16207 16229 28566 16243
2331 2339 2334 2352 2358 2343 2361 2332 2344 2353
17462 17463 24478 28800 7773 26261 24479 33591 22119 29384
11580 8070 9885 3541 7971 10294 40380 11583 40381 42098
26429 43953 8825 44008 17800 44044 44070 44099 26328 26435
23984 35765 5810 4351 23437 4489 24191 12247 15780 40245
30259 16238 17795 23432 16201 42921 16207 16229 28566 16243
2331 2339 2334 2352 2358 2343 2361 2332 2344 2353
17462 17463 24478 28800 7773 26261 24479 33591 22119 29384
33593 33592 40431 3775 23307 23467 23347 23344 15079 33254
33592 4474 4475 33593 36842 16545 4446 8633 13197 38649
4252 35851 4255 33270 23654 39449 33285 22853 9374 41214
23572 40704 12460 1585 1582 29312 27026 29690 16501 36165
29516 10487 20644 32985 35018 34788 22023 19189 8830 8878
3397 3396 13377 31549 39199 22374 19751 39270 24440 35290
28939 20866 23797 24034 14979 40030 6415 16990 38181 42024
23626 23779 33826 22079 36814 22080 31982 22081 42045 24263
1026 1035 19453 31340 7793 23876 6067
15555 41097 31489 23417 15566 12639 26863 32139 26846 26844
44350 24854 24853 31605 44900 41531 43615 7924 5310 42074
12296 12280 12279 12289 22525 21156 40334 27586 13022 3413
29312 9698 10533 26861 19169 27735 24494 337 8048 29946
32639 13431 11971 6576 6192 6866 42374 5810 21861 34381
15286 39409 21252 23817 13915 26562 25704 2928 38385 8054
32185 44094 9339 24189 8390 42791 32353 44373 1158 292
32822 32798 32795 32783 42087 32812 32797 32802 40714 32771
31798 31423 26052 29487 14282 30332 17231 10447 44411 31762
5717 41216 27773 174 9558 26064
4814 7815 36039 7817 7814 21554 40850 33998 517 44792
27026 33290 1582 4860 4716 23876 4228 22692 27029
5404

33283 24362 23784 12337
32907 24759 36441 1588 5116 5205 19779 35446 28392 37759
5134 37260 5148 3514 10047 30346 5147 10036 5135 35952
13257 41242 15543 14881 13947 13942 28948 17595 30985 15191
40032 22342 12577 10613 23427 17529 7760 38627 5853 11401
36800 32022 22688
6049 6048 7610 28236
29288 23821 3389 21077 18793 18043 3552 36998 36704 5990
12334 12336 22919 12337 41582 17609 19538 37620 34165 31992
38605 38607 8278 44888 16046 8277 38606 40180 5167 8272
5718 5612 9716 43541 5719 24570 5641 5727 971 13564
38092 7974 35175 38080 38083 38079 7608 23893 36806 31903
23572 40704 12460 1585 1582 29312 27026 29690 16501 36165
18128 40122 38624 42749 37356 40150 37355 3242 23433 41222
27357 23833 4250 32378 24662 28213 23656 19689 19993 28329
9664 37298 39763 28638 39753 39768 25125 43700 41622 39766
25337 25335 6184 25340 25333 25338 25334 31930 42453 17255
17329 35215 35210 35214 12396 35213 26020 35216 35226 41115
33753 2413 32628 12836 39648 22802 11587 26032 16831 23736
43993 23478 17800 43979 26429 44044 43953 44072 44029 43982
26616 23572 2416 2415 16454 40704 12460 1582 1585 29312
22497 20352 40377 22498 481 35704 25017 40378 42233 22043
6207 6209 6208 11580 8070 30906 9885 3541 19103 40217
7371 8142 7373 7372 7375 10959 7365 7376 32721 32133
23933 23376 23840 41626 10552 22690 24991 23293 38474 8301
15246 41084 23699 36211 12033 42685 15281 8014 17127 8221
23786 23825 15551 28626 17825 32263 23934 23638 7814 23696
37160 29479 37154 34596 37163 32735 8566 37165 37157 21518
3707 31549 38346 32181 19688 39253 24605 32163 38949 28249
43883 9506 40546 26209 4051 30514 18895 26488 26173 41005
13778 42109 42108 4100 41616 42122 5405 2829 13669 37871
7137 7142 7144 19739 33133 7146 7149 7150 12137 12482
4263 4262 4265 4264 7640 32992 32203 44296 38668 41161
37803 38271 18969 40138 30869 25987 40137 2474 41331 20145
24036 19784 19045 16690 32032 33423 24044 32407 19172 23846
20732 12394 20725 20739 20744 42848 20748 24813 20686 20699
17032 17029 17033 17028 17035 17034 40153 40047 40048 21746
30257 6528 25491 6526 17255 6527 21329 9721 30440 15616
25487 25486 37719 43810 14941 36082 20099 30563 41303 17931
32027 8969 25638 12280 14440 26559 19765 33290
234 406 18770 18773 18769
6546 6550 6552 6547 6549 38034 39939 6130 6551 6548
25553 25554 25558 25557 25556 25555 18409 24335 33888 18481
21434 23274 44659 27026 24861 7175 23235 26084 25638 9698

16397 16395 16392 4582 16391 30526 26930 19112 16389 27092
44658 29293 6071 19043 25860 34384 27262 37983 20556 14914
6031 6030 6029 43055 2109 22028 15662 35535 3966 40875
10264 1360 29615 38129 9059 42371 4646 29613 92 1280
36593 29407 37975 20781 11340 25195
44734 9830 12923 33250 7639 32456 23783 19337 19766 23631
14341 14348 4139 27198 14353 41495 15327 10729 27304 14345
5134 5142 43670 37500 37260 5148 3514 30346 10047 5137
1863 1862 20048 1857 39374 3470 564 8961 44239 1871
431 26503 1989 24046 32393 9141 3347 30064 25111 26521
31611 25339 37703 13582 32880 4314 36518 23205 7734 41097
25836 34168 3831 29015 30577 44778 6394 43870 42652 39732
67 66 28493 61 64 60 63 62 28496 65

11134 21375 9908 12088 41359 34293 33283 26898 17826 8674
2678 27960
40562 23602 4662 43993 34271 24454 11299 6596 32595 16897
3753 33989 22676 10033 42137 36032 38514 43211 7510 13669
31690 29774 25551 23233
16887 16886 16888
29310
23654 35851 41235 648 41223 4255 4252 41233 39449 22853

11411 41366 27666 32982 2864 25882 9236
34393 23264 28106 38477 24344 22307 23926 9845 21579 23762
31239 18107 9127 44714
39908 9882 463 19644 562 33709 24621 35184 23673 10614
12224 22746 3407 5184 35911 4183 10282 756 25646 965
38489 41230 13795 10366 18738 13241 27426
34250 17814 37843 19511 561 18400 6987 38464 562 9768
16800 41878 18243 11268 23682 35037 19256 2682 23839 18299
22563
37842 25073 32907 27027 873 28112 14272 35325 36993 25544
26000 27092 25865 38599 11812 3875 24327 16435 38279 20454
8327 26511 35326 8328 30451 40890 15533 22852 17361 30452
44659 44664 34638 33210 13077 31979 31329 34101 22419 33939
10752 23784
19181 28269 33351 31737
42373 42372 3157 34445 12193 29740 13831 18787 22238 34431

38474 43451 41637 9593 801 31697 20089 39072 36150 11276
17576 13178 17575 39804 39839 13687 32207 42668 29518 28848
990 11179

41036 31042 6578 20506 39130
6200 34309 6201 12067 33222 25420 16539 30371 7981 14276
3646 3648 3650 3649 11534 23267 28259 27833 43755 7525
23833 24662 32378 32363 28213 19993 32357 19689 32390 24343
2661 2664 2684 2674 2669 2686 2770 2675 2672 2690
19975 19891 19961 17434 19894 15794 19887 16015 23456 19969
32438 32440 32439 30154 32437 44685 23835 32959 8663 4665
15240 28694 7916 2635 15932 44872 19070 34237 6768 23218
6114 20462 6113 41855 6465 39774 26549 2888 33175 1022
34159 25385 15735 7108 12932 16299 1190 30311 5495 23486
43123 34266 3199 37487 10398 36154 22738 39931
13375 13833 13835 11036 38424 22945 31590 13462 3803 34783
18845 18846 36663 34971 40587 39381 7420
233 27202 24804 24824 32826 41814 24788 16916 39224 39209
38979 8761 38984 38980 13874 9701 38994 38982 32116 38990
23654 42614 31220 35851 33285 32449 44358 42148 41225 41235
28549 11223 18252 39717 17630 28556 30110 28560 3381 10242
22497 24355 14915 44308 24796 42592 10420 27504 42585 44548
12280 42166 9359 32027 30193 13917 16819 25638 2097 23334
30257 6528 25491 6526 6527 30440 23513 22827 12761 26880
13459 34754 6785 12123 4539 10710 29957 34643 24153 23579
27583 11134 1003 989 21375 9908 22295 12088 679 25172
342 8997 20233 36667
10062 28697 4233 10064 18598 7672
13235 11617 28371 38190 13236 5110 33758 13234 2188 19469
11617 21437 13235 41926 1683 2188 31145 23080 40887 39750
131 24437 23945 3494 30002 40366 4018 28125 7668 3498
15826
2181 2180 28677 5543 30013 20013 15376 20074 13354 24099
16205 16224 16210 16218 17795 23432 16213 16201 16238 16237
43384 3776 31578 5056 2801 2796 43385 6612 3256 41944
31599 31391 10166 41273 8263 7894 26618 31680 7860 41272
24276 16067 18415 23398 7727


42094 12018 4014 4015 2112 6000 28246 9878 34880 8031
17544 25235 23510 23646 4761 41865 40707 17810 32789 4728
38574 21818 18660 13729 23461 40705 33282 11244 44114 38410
15239 28774 39547 9895 16423 29383 16704 1863 19620 35598
15816 3453 34875 5498 18200 41844 26783 30628 33722 37286
29312 9698 10533 26861 19169 27735 24494 337 8048 29946
32639 13431 11971 6576 6192 6866 42374 5810 21861 34381
15286 39409 21252 23817 13915 26562 25704 2928 38385 8054
32185 44094 9339 24189 8390 42791 32353 44373 1158 292
32822 32798 32795 32783 42087 32812 32797 32802 40714 32771
31798 31423 26052 29487 14282 30332 17231 10447 44411 31762
5717 41216 27773 174 9558 26064
4814 7815 36039 7817 7814 21554 40850 33998 517 44792
27026 33290 1582 4860 4716 23876 4228 22692 27029
5404

33283 24362 23784 12337
32907 24759 36441 1588 5116 5205 19779 35446 28392 37759
5134 37260 5148 3514 10047 30346 5147 10036 5135 35952
13257 41242 15543 14881 13947 13942 28948 17595 30985 15191
40032 22342 12577 10613 23427 17529 7760 38627 5853 11401
36800 32022 22688
6049 6048 7610 28236
29288 23821 3389 21077 18793 18043 3552 36998 36704 5990
12334 12336 22919 12337 41582 17609 19538 37620 34165 31992
38605 38607 8278 44888 16046 8277 38606 40180 5167 8272
5718 5612 9716 43541 5719 24570 5641 5727 971 13564
38092 7974 35175 38080 38083 38079 7608 23893 36806 31903
23572 40704 12460 1585 1582 29312 27026 29690 16501 36165
18128 40122 38624 42749 37356 40150 37355 3242 23433 41222
27357 23833 4250 32378 24662 28213 23656 19689 19993 28329
9664 37298 39763 28638 39753 39768 25125 43700 41622 39766
25337 25335 6184 25340 25333 25338 25334 31930 42453 17255
17329 35215 35210 35214 12396 35213 26020 35216 35226 41115
33753 2413 32628 12836 39648 22802 11587 26032 16831 23736
43993 23478 17800 43979 26429 44044 43953 44072 44029 43982
26616 23572 2416 2415 16454 40704 12460 1582 1585 29312
22497 20352 40377 22498 481 35704 25017 40378 42233 22043
6207 6209 6208 11580 8070 30906 9885 3541 19103 40217
7371 8142 7373 7372 7375 10959 7365 7376 32721 32133
23933 23376 23840 41626 10552 22690 24991 23293 38474 8301
15246 41084 23699 36211 12033 42685 15281 8014 17127 8221
23786 23825 15551 28626 17825 32263 23934 23638 7814 23696
37160 29479 37154 34596 37163 32735 8566 37165 37157 21518
3707 31549 38346 32181 19688 39253 24605 32163 38949 28249
43883 9506 40546 26209 4051 30514 18895 26488 26173 41005
13778 42109 42108 4100 41616 42122 5405 2829 13669 37871
7137 7142 7144 19739 33133 7146 7149 7150 12137 12482
4263 4262 4265 4264 7640 32992 32203 44296 38668 41161
37803 38271 18969 40138 30869 25987 40137 2474 41331 20145
24036 19784 19045 16690 32032 33423 24044 32407 19172 23846
20732 12394 20725 20739 20744 42848 20748 24813 20686 20699
17032 17029 17033 17028 17035 17034 40153 40047 40048 21746
30257 6528 25491 6526 17255 6527 21329 9721 30440 15616
25487 25486 37719 43810 14941 36082 20099 30563 41303 17931
32027 8969 25638 12280 14440 26559 19765 33290
234 406 18770 18773 18769
6546 6550 6552 6547 6549 38034 39939 6130 6551 6548
25553 25554 25558 25557 25556 25555 18409 24335 33888 18481
21434 23274 44659 27026 24861 7175 23235 26084 25638 9698

16397 16395 16392 4582 16391 30526 26930 19112 16389 27092
44658 29293 6071 19043 25860 34384 27262 37983 20556 14914
6031 6030 6029 43055 2109 22028 15662 35535 3966 40875
10264 1360 29615 38129 9059 42371 4646 29613 92 1280
36593 29407 37975 20781 11340 25195
44734 9830 12923 33250 7639 32456 23783 19337 19766 23631
14341 14348 4139 27198 14353 41495 15327 10729 27304 14345
5134 5142 43670 37500 37260 5148 3514 30346 10047 5137
1863 1862 20048 1857 39374 3470 564 8961 44239 1871
431 26503 1989 24046 32393 9141 3347 30064 25111 26521
31611 25339 37703 13582 32880 4314 36518 23205 7734 41097
25836 34168 3831 29015 30577 44778 6394 43870 42652 39732
67 66 28493 61 64 60 63 62 28496 65

11134 21375 9908 12088 41359 34293 33283 26898 17826 8674
2678 27960
40562 23602 4662 43993 34271 24454 11299 6596 32595 16897
3753 33989 22676 10033 42137 36032 38514 43211 7510 13669
31690 29774 25551 23233
16887 16886 16888
29310
23654 35851 41235 648 41223 4255 4252 41233 39449 22853

11411 41366 27666 32982 2864 25882 9236
34393 23264 28106 38477 24344 22307 23926 9845 21579 23762
31239 18107 9127 44714
39908 9882 463 19644 562 33709 24621 35184 23673 10614
12224 22746 3407 5184 35911 4183 10282 756 25646 965
38489 41230 13795 10366 18738 13241 27426
34250 17814 37843 19511 561 18400 6987 38464 562 9768
16800 41878 18243 11268 23682 35037 19256 2682 23839 18299
22563
37842 25073 32907 27027 873 28112 14272 35325 36993 25544
26000 27092 25865 38599 11812 3875 24327 16435 38279 20454
8327 26511 35326 8328 30451 40890 15533 22852 17361 30452
44659 44664 34638 33210 13077 31979 31329 34101 22419 33939
10752 23784
19181 28269 33351 31737
42373 42372 3157 34445 12193 29740 13831 18787 22238 34431

38474 43451 41637 9593 801 31697 20089 39072 36150 11276
17576 13178 17575 39804 39839 13687 32207 42668 29518 28848
990 11179

41036 31042 6578 20506 39130
6200 34309 6201 12067 33222 25420 16539 30371 7981 14276
3646 3648 3650 3649 11534 23267 28259 27833 43755 7525
23833 24662 32378 32363 28213 19993 32357 19689 32390 24343
2661 2664 2684 2674 2669 2686 2770 2675 2672 2690
19975 19891 19961 17434 19894 15794 19887 16015 23456 19969
32438 32440 32439 30154 32437 44685 23835 32959 8663 4665
15240 28694 7916 2635 15932 44872 19070 34237 6768 23218
6114 20462 6113 41855 6465 39774 26549 2888 33175 1022
34159 25385 15735 7108 12932 16299 1190 30311 5495 23486
43123 34266 3199 37487 10398 36154 22738 39931
13375 13833 13835 11036 38424 22945 31590 13462 3803 34783
18845 18846 36663 34971 40587 39381 7420
233 27202 24804 24824 32826 41814 24788 16916 39224 39209
38979 8761 38984 38980 13874 9701 38994 38982 32116 38990
23654 42614 31220 35851 33285 32449 44358 42148 41225 41235
28549 11223 18252 39717 17630 28556 30110 28560 3381 10242
22497 24355 14915 44308 24796 42592 10420 27504 42585 44548
12280 42166 9359 32027 30193 13917 16819 25638 2097 23334
30257 6528 25491 6526 6527 30440 23513 22827 12761 26880
13459 34754 6785 12123 4539 10710 29957 34643 24153 23579
27583 11134 1003 989 21375 9908 22295 12088 679 25172
342 8997 20233 36667
10062 28697 4233 10064 18598 7672
13235 11617 28371 38190 13236 5110 33758 13234 2188 19469
11617 21437 13235 41926 1683 2188 31145 23080 40887 39750
131 24437 23945 3494 30002 40366 4018 28125 7668 3498
15826
2181 2180 28677 5543 30013 20013 15376 20074 13354 24099
16205 16224 16210 16218 17795 23432 16213 16201 16238 16237
43384 3776 31578 5056 2801 2796 43385 6612 3256 41944
31599 31391 10166 41273 8263 7894 26618 31680 7860 41272
24276 16067 18415 23398 7727


42094 12018 4014 4015 2112 6000 28246 9878 34880 8031
17544 25235 23510 23646 4761 41865 40707 17810 32789 4728
38574 21818 18660 13729 23461 40705 33282 11244 44114 38410
15239 28774 39547 9895 16423 29383 16704 1863 19620 35598
15816 3453 34875 5498 18200 41844 26783 30628 33722 37286
