28945 38247 9944 9947 10856 8086 28474 23486 26367 19088
32673 3763 12424 38163 35989 5764 24990 3741 26248 21661
30509 30506 33237 15562 7322 7699 28211 17007 23450 5904
42215 22745 32026 43165 43043 24062 8513 42223 32316 43482
32857 32852 32823 32836 32821 32807 41617 32848 40519 32841
25568 17633 29188 29923 14816 10712 43551 38767 31521 30378
5297 29937 38123 122 4665 21293 23598 25577 8237
20235 4576 7676 20234 7678 17821 12056 32149 19086 7677
22493 26583 44037 33129 1245 23345 4495 23699 4031 40840
31405 29893 23638

22772 33159 32416 23085 24200 30585 23566 1070 31844 7325
32929 27132 20304 36135 1249 5009 7669 5111 19948 17444
5042 5044 37074 10210 5051 23711 5050 41710 35491 26601
23434 13815 17594 40890 38573 15753 14243 14452 29020 14457
18846 22296 35374 10997 7611 36409 28861 31405 28876 29893
36591 32705 31878 22495
13766 40218 7467 27754
23613 14065 21276 27481 98 14040 25008 5741 23610 37909
12726 39097 22796 12729 12730 41188 11308 17610 37474 1070
38484 38486 38488 43909 8312 39967 16336 38487 5077 8311
8843 26823 5301 9739 5206 25512 27581 5299 25513 9236
37985 12314 23685 9305 37986 37965 11157 23428 5182 7859
23301 23302 4062 40297 12839 1263 1245 28945 35820 26583
36347 39974 22597 42125 14947 39743 4358 39628 22598 332
27062 35473 23558 23626 4000 31405 32345 23007 8222 13664
1410 28514 18387 37972 41207 39507 29764 39533 39045 37160
24776 24781 24779 17662 5757 24774 24785 24780 24782 24775
17376 37706 37704 37705 37707 37703 37701 12772 25548 37708
33675 2181 29321 22671 13272 32658 17642 39398 22673 24336
43051 17848 23542 25893 25914 43113 580 43138 43100 43034
26111 23302 23301 2189 12501 2188 16830 2207 4062 40297
22508 39616 1606 2994 15390 35719 4017 22625 39620 27466
5843 20147 25966 43208 41923 19273 27950 12155 5844 5435
8788 27178 8115 10673 4579 15589 42588 40610 31995 4492
23269 23279 14627 33488 10871 41244 23270 23171 24513 41263
40670 42148 6900 36796 7322 39810 32142 15552 39811 11703
23619 23571 23618 15804 23634 28214 17855 32145 15723 23277
13049 36951 36958 20080 7672 36953 36956 29170 36244 36931
3422 2706 31310 32022 26317 35040 19831 8596 40342 26037
25690 9631 15068 25688 25986 18437 25724 36338 25709 25760
30765 14395 14283 23721 3838 17813 14149 41654 41236 41652
6873 6887 19887 6886 6889 6883 6890 23335 6892 26291
4016 7517 7515 4017 25862 7519 43462 609 42183 10775
25038 25041 38147 9112 18721 30605 39906 25497 39907 39950
20676 23897 18927 23904 17012 14199 42072 31898 35368 35362
21006 12765 20973 24411 20925 20997 42242 20943 20980 17267
17099 23466 17092 17082 17083 17084 17089 17095 21165 20767
29833 6218 11189 6219 6221 6220 17213 6754 6222 23295
24951 24954 24950 4124 12526 92 12077 37607 42955 24955
25743 31892 9270 25113 12713 14972 4414 19924 33129 38247
200 996 20480 20458
36788 6243 5739 6242 36336 36041 14249 7610 26575 43532
25057 25059 25063 25062 25058 25061 34651 25060 18514 33800
21524 41153 8605 26583 16851 4681 36798 24352 6915 23118

16779 9262 16797 16800 16802 16794 4380 16732 30224 36477
25371 20177 25593 43723 25376 39914 10072 25380 25372 26987
21994 7728 3734 17078 3274 3436 42866 30899 10514 9228
10484 1059 24030 29353 38022 9367 42471 26244 41846 11432
27207 33058 33062 33 33060 43397 29096 33059 6445 27231
43797 43796 10037 24722 13411 24148 36005 7516 23567 19141
11171 14874 14868 14872 14869 14871 33916 14873 14870 24530
5042 5044 5049 37074 5047 10210 5051 5048 41710 5050
1549 1548 27900 1550 7391 42567 20321 1556 34882 16343
1070 1069 1071 31683 1724 32358 9482 3214 24646 29552
31378 31377 22461 1853 15185 19144 29704 10419 41920 15968
13317 43991 42540 4778 22820 40084 40906 15272 34853 34201
46 16911 41657 39489 22325 38696 41963 42125 25969 21185
10076 28534 39447 23598 42769
24854 33913 12436 1247 40953 33159 26440 17858 24987 14401
18987 6839 29673 2466 27447
32960 43051 34206 28122 21548 34444 12598 2385 19375 39193
3469 3473 5050 8882 11373 3471 4798 33929 3474 4563
31437 29524 8581 25054 23116
23468 18130 16767
13507 28968 16427
33502 33504 23384 274 40886 3130 40869 4007 4003 22741

11938 40958 27988 25401 25387 37026 23498 33125
34288 23161 27642 38297 24164 31182 22257 23760 21679 22886
10 30967 38786 18203 27231 11 28522 9455 33568
3760 33526 10085 11524 501 2391 33630 26171 8846 37416
12632 12636 43343 33301 22566 3909 3601 5092 35461 364
24989 32253 34161 38329 25637 40876 21455 14299 4028 26962
33526 833 17833 37809 19628 18544 2395 501 6692 18502
17148 18378 23431 23420 36399 41627 36177 34387 19206 2475
14782 22372
33478 33486 33480 33479 39147 11501 29860 38447 25381 30091
3699 25520 21628 20674 17688 26626 25385 16744 16743 38474
26006 14884 8405 30090 39450 40498 15736 17430 22740 30092
43728 34497 33064 13569 31815 34057 31044 2476 17470
11267 23484 11192 23568 6222
19109 8706 39396 27827 33229 37428 31498
41848 16471 34352 34314 28521 41956 29480 2985 12577 14336

38314 42651 41263 41228 298 41258 41251 41256 406 9728
17569 13703 17568 30977 39561 20505 14170 32106 42135 42139
687 1660 685 3780

